P2
100 100
65535
6682 6682 6682 6682 6682 6682 6682 6682 6682 6682 6682 6682 6682 6682 6682 6682 6682 6682 6682 6682 6682 6682 6682 6682 6682 6682 6682 6682 6671 6683 7046 7425 7805 8170 8548 8922 9290 9668 10033 10412 10778 11155 11531 11898 12277 12643 13019 13390 13761 14140 14506 14884 15255 15626 16003 16367 16747 17113 17491 17867 18233 18612 18977 19355 19722 20095 20474 20839 21219 21587 21960 22335 22702 23082 23447 23825 24200 24567 24947 25311 25689 26056 26432 26810 27175 27555 27921 28296 28668 29038 29417 29783 30162 30533 30903 31280 31645 32024 32391 32767 
6682 6682 6682 6682 6682 6682 6682 6682 6682 6682 6682 6682 6682 6682 6682 6682 6682 6682 6682 6682 6682 6682 6682 6682 6682 6682 6682 6672 6688 7046 7433 7802 8178 8545 8925 9293 9664 10044 10410 10786 11156 11532 11903 12271 12653 13018 13393 13767 14138 14513 14879 15260 15628 16000 16378 16745 17121 17489 17867 18237 18606 18989 19353 19728 20100 20473 20846 21213 21594 21961 22334 22712 23080 23456 23822 24203 24570 24942 25322 25687 26063 26433 26808 27180 27547 27930 28296 28670 29046 29415 29790 30157 30537 30905 31276 31655 32022 32399 32767 33144 
6682 6682 6682 6682 6682 6682 6682 6682 6682 6682 6682 6682 6682 6682 6682 6682 6682 6682 6682 6682 6682 6682 6682 6682 6682 6682 6670 6685 7040 7426 7802 8168 8548 8913 9291 9660 10032 10411 10776 11154 11525 11897 12271 12639 13019 13384 13761 14136 14504 14883 15248 15627 15993 16367 16746 17111 17490 17858 18233 18606 18974 19354 19717 20096 20470 20839 21215 21581 21961 22327 22702 23080 23446 23825 24191 24568 24939 25309 25688 26053 26431 26804 27175 27550 27915 28296 28662 29039 29415 29782 30159 30525 30904 31271 31645 32023 32389 32768 33136 33511 
6682 6682 6682 6682 6682 6682 6682 6682 6682 6682 6682 6682 6682 6682 6682 6682 6682 6682 6682 6682 6682 6682 6682 6682 6682 6673 6685 7051 7431 7805 8178 8547 8927 9291 9671 10044 10412 10789 11155 11534 11901 12277 12654 13019 13399 13765 14140 14511 14884 15262 15626 16006 16378 16747 17123 17489 17870 18235 18612 18988 19354 19733 20098 20475 20844 21218 21596 21961 22341 22710 23082 23456 23825 24204 24569 24948 25321 25689 26067 26432 26810 27178 27553 27932 28296 28676 29044 29418 29790 30160 30540 30904 31283 31655 32024 32401 32768 33146 33513 33890 
6682 6682 6682 6682 6682 6682 6682 6682 6682 6682 6682 6682 6682 6682 6682 6682 6682 6682 6682 6682 6682 6682 6682 6682 6670 6688 7038 7429 7798 8170 8544 8914 9292 9657 10036 10409 10777 11155 11521 11899 12267 12642 13018 13383 13765 14132 14506 14878 15249 15626 15991 16371 16743 17113 17489 17856 18234 18600 18977 19353 19717 20099 20464 20840 21211 21584 21961 22325 22706 23076 23447 23822 24191 24569 24934 25313 25686 26054 26433 26799 27176 27545 27919 28296 28660 29041 29410 29783 30156 30526 30904 31269 31649 32021 32389 32768 33134 33512 33880 34255 
6682 6682 6682 6682 6682 6682 6682 6682 6682 6682 6682 6682 6682 6682 6682 6682 6682 6682 6682 6682 6682 6682 6682 6671 6683 7048 7425 7805 8171 8547 8925 9291 9669 10036 10412 10782 11154 11532 11898 12278 12647 13019 13394 13761 14140 14506 14884 15258 15626 16004 16369 16747 17115 17491 17868 18234 18612 18980 19354 19727 20095 20475 20840 21219 21592 21961 22338 22703 23082 23449 23825 24202 24568 24947 25313 25690 26059 26432 26810 27176 27556 27925 28296 28671 29039 29417 29783 30162 30536 30903 31282 31647 32024 32393 32768 33146 33511 33890 34259 34632 
6682 6682 6682 6682 6682 6682 6682 6682 6682 6682 6682 6682 6682 6682 6682 6682 6682 6682 6682 6682 6682 6682 6672 6688 7043 7433 7800 8175 8544 8921 9293 9661 10042 10409 10781 11155 11529 11902 12268 12651 13018 13389 13767 14136 14511 14878 15258 15627 15996 16378 16743 17117 17490 17865 18236 18604 18987 19353 19724 20099 20471 20845 21211 21592 21961 22331 22711 23078 23452 23822 24199 24570 24937 25320 25686 26060 26434 26806 27179 27545 27927 28295 28667 29044 29413 29788 30156 30534 30905 31273 31656 32021 32395 32767 33142 33514 33880 34264 34630 35002 
6682 6682 6682 6682 6682 6682 6682 6682 6682 6682 6682 6682 6682 6682 6682 6682 6682 6682 6682 6682 6682 6670 6684 7041 7425 7804 8169 8547 8916 9290 9663 10032 10412 10777 11155 11529 11898 12275 12640 13019 13385 13761 14138 14504 14884 15250 15626 15996 16368 16746 17111 17490 17862 18233 18608 18974 19354 19718 20095 20472 20839 21218 21583 21961 22329 22702 23081 23446 23825 24195 24567 24941 25309 25688 26054 26432 26806 27175 27552 27917 28296 28664 29037 29416 29781 30161 30528 30903 31275 31645 32024 32389 32767 33140 33511 33886 34252 34631 34998 35373 
6682 6682 6682 6682 6682 6682 6682 6682 6682 6682 6682 6682 6682 6682 6682 6682 6682 6682 6682 6682 6673 6687 7050 7434 7804 8180 8546 8927 9292 9668 10045 10411 10789 11155 11533 11901 12275 12654 13019 13397 13767 14140 14513 14881 15262 15627 16004 16378 16747 17124 17490 17869 18236 18610 18989 19354 19732 20100 20475 20845 21217 21597 21961 22339 22711 23081 23458 23824 24204 24570 24946 25322 25688 26067 26434 26810 27180 27552 27932 28296 28674 29044 29417 29791 30159 30540 30904 31280 31655 32024 32402 32768 33146 33514 33888 34266 34631 35010 35378 35752 
6682 6682 6682 6682 6682 6682 6682 6682 6682 6682 6682 6682 6682 6682 6682 6682 6682 6682 6682 6670 6686 7038 7427 7799 8169 8545 8912 9291 9657 10033 10409 10775 11156 11521 11898 12268 12640 13018 13383 13762 14133 14505 14879 15247 15626 15991 16369 16743 17111 17490 17856 18234 18601 18976 19353 19717 20096 20465 20840 21212 21582 21961 22324 22704 23077 23446 23823 24189 24568 24935 25311 25687 26054 26433 26799 27175 27546 27917 28296 28660 29040 29411 29782 30158 30524 30903 31269 31646 32022 32389 32768 33133 33511 33879 34253 34631 34995 35376 35745 36118 
6682 6682 6682 6682 6682 6682 6682 6682 6682 6682 6682 6682 6682 6682 6682 6682 6682 6682 6672 6684 7051 7428 7805 8173 8548 8926 9291 9671 10038 10412 10785 11155 11534 11899 12278 12650 13019 13397 13762 14141 14507 14884 15261 15626 16007 16373 16748 17118 17491 17869 18234 18613 18985 19354 19730 20096 20475 20841 21218 21594 21961 22340 22705 23082 23451 23825 24203 24568 24948 25317 25689 26063 26432 26810 27176 27555 27928 28296 28674 29039 29417 29786 30161 30539 30903 31284 31650 32025 32397 32768 33146 33511 33890 34262 34632 35009 35375 35753 36120 36497 
6682 6682 6682 6682 6682 6682 6682 6682 6682 6682 6682 6682 6682 6682 6682 6682 6682 6671 6688 7041 7433 7799 8172 8544 8918 9293 9658 10041 10408 10779 11155 11526 11901 12267 12647 13018 13386 13767 14134 14508 14878 15255 15627 15993 16376 16743 17115 17489 17861 18236 18602 18983 19352 19721 20100 20468 20843 21211 21589 21961 22328 22709 23076 23449 23822 24196 24570 24935 25318 25686 26056 26434 26803 27178 27544 27924 28295 28663 29045 29411 29785 30156 30532 30905 31270 31653 32021 32392 32768 33138 33513 33880 34260 34630 34999 35379 35745 36120 36489 36867 
6682 6682 6682 6682 6682 6682 6682 6682 6682 6682 6682 6682 6682 6682 6682 6682 6671 6683 7044 7425 7805 8169 8548 8920 9290 9667 10032 10412 10777 11155 11531 11898 12277 12642 13018 13388 13761 14140 14505 14884 15253 15626 16000 16367 16747 17112 17491 17865 18233 18611 18976 19355 19721 20096 20474 20839 21219 21586 21961 22333 22702 23082 23447 23825 24198 24568 24946 25310 25689 26055 26431 26809 27175 27554 27919 28296 28666 29038 29417 29782 30161 30532 30903 31279 31645 32025 32390 32768 33143 33510 33889 34255 34632 35001 35373 35752 36117 36496 36865 37239 
6682 6682 6682 6682 6682 6682 6682 6682 6682 6682 6682 6682 6682 6682 6682 6672 6688 7047 7433 7803 8179 8546 8926 9292 9665 10045 10410 10787 11155 11533 11902 12272 12654 13018 13394 13767 14139 14513 14881 15261 15627 16001 16378 16745 17122 17490 17868 18237 18608 18988 19354 19729 20100 20473 20846 21214 21596 21961 22335 22712 23080 23457 23823 24202 24570 24943 25322 25687 26064 26435 26809 27180 27549 27930 28296 28672 29045 29416 29791 30156 30538 30905 31278 31657 32023 32400 32768 33145 33514 33885 34266 34631 35007 35379 35752 36125 36491 36873 37239 37614 
6682 6682 6682 6682 6682 6682 6682 6682 6682 6682 6682 6682 6682 6682 6670 6685 7039 7426 7801 8169 8547 8912 9291 9659 10032 10410 10776 11155 11524 11898 12270 12639 13019 13383 13761 14135 14504 14881 15247 15626 15992 16369 16746 17111 17491 17857 18233 18603 18974 19354 19717 20096 20468 20839 21214 21580 21960 22326 22703 23079 23446 23824 24190 24568 24936 25309 25688 26053 26431 26801 27175 27549 27917 28296 28660 29038 29414 29782 30158 30525 30904 31270 31645 32023 32388 32768 33135 33510 33882 34251 34632 34995 35374 35747 36118 36494 36859 37239 37605 37980 
6682 6682 6682 6682 6682 6682 6682 6682 6682 6682 6682 6682 6682 6672 6685 7052 7430 7805 8176 8547 8926 9291 9671 10041 10412 10789 11155 11534 11900 12277 12653 13018 13399 13764 14140 14510 14884 15262 15626 16007 16375 16747 17123 17491 17869 18235 18612 18988 19355 19733 20098 20476 20844 21219 21596 21960 22341 22708 23082 23455 23825 24204 24569 24948 25320 25689 26066 26432 26811 27177 27555 27930 28296 28677 29043 29418 29788 30161 30540 30904 31284 31654 32025 32400 32768 33147 33512 33890 34265 34632 35011 35376 35754 36122 36496 36875 37239 37620 37988 38360 
6682 6682 6682 6682 6682 6682 6682 6682 6682 6682 6682 6682 6671 6688 7039 7430 7798 8170 8544 8915 9292 9656 10038 10408 10777 11156 11522 11899 12267 12644 13018 13384 13765 14132 14507 14879 15250 15627 15992 16372 16743 17112 17489 17857 18235 18600 18980 19353 19719 20099 20465 20841 21211 21585 21961 22326 22708 23076 23447 23823 24192 24570 24934 25314 25686 26055 26434 26800 27176 27545 27920 28296 28660 29042 29409 29784 30155 30528 30904 31269 31650 32020 32390 32767 33135 33512 33878 34256 34630 34996 35377 35744 36119 36491 36864 37239 37603 37985 38355 38725 
6682 6682 6682 6682 6682 6682 6682 6682 6682 6682 6682 6671 6683 7047 7426 7805 8170 8549 8924 9291 9670 10033 10412 10780 11155 11533 11898 12278 12645 13019 13392 13761 14140 14505 14884 15257 15626 16005 16368 16748 17114 17490 17868 18233 18614 18978 19355 19725 20096 20475 20839 21218 21589 21961 22337 22703 23082 23449 23825 24201 24568 24946 25312 25689 26058 26431 26810 27175 27555 27923 28296 28670 29039 29418 29782 30162 30535 30903 31281 31646 32025 32392 32768 33145 33510 33890 34257 34632 35003 35374 35753 36118 36498 36868 37239 37616 37982 38360 38727 39103 
6682 6682 6682 6682 6682 6682 6682 6682 6682 6682 6672 6688 7044 7433 7801 8176 8544 8924 9293 9662 10044 10409 10784 11156 11530 11902 12269 12652 13018 13391 13767 14137 14512 14878 15259 15627 15997 16378 16744 17119 17490 17866 18237 18603 18988 19353 19726 20099 20472 20846 21211 21594 21961 22332 22712 23078 23454 23822 24200 24570 24939 25322 25686 26061 26434 26807 27180 27546 27928 28296 28667 29046 29414 29789 30155 30536 30905 31275 31656 32021 32397 32768 33143 33515 33881 34265 34630 35003 35379 35749 36124 36491 36871 37240 37610 37990 38357 38731 39102 39479 
6682 6682 6682 6682 6682 6682 6682 6682 6682 6670 6684 7041 7425 7803 8169 8547 8915 9291 9662 10032 10412 10775 11155 11527 11898 12272 12639 13019 13385 13761 14138 14504 14883 15249 15626 15995 16368 16746 17111 17491 17861 18233 18606 18973 19355 19718 20096 20470 20838 21217 21582 21961 22328 22702 23081 23446 23825 24193 24568 24939 25309 25689 26053 26432 26805 27174 27552 27917 28296 28662 29039 29415 29782 30161 30526 30904 31273 31645 32024 32389 32767 33138 33510 33885 34251 34631 34997 35374 35750 36118 36495 36861 37239 37608 37979 38359 38725 39104 39472 39846 
6682 6682 6682 6682 6682 6682 6682 6682 6673 6686 7051 7433 7805 8179 8547 8926 9292 9670 10044 10412 10790 11154 11534 11902 12276 12653 13019 13398 13766 14140 14512 14882 15263 15627 16005 16377 16747 17124 17489 17869 18236 18611 18988 19354 19733 20098 20475 20845 21216 21597 21960 22340 22711 23081 23457 23824 24204 24570 24947 25321 25689 26067 26433 26811 27179 27552 27932 28296 28676 29043 29417 29791 30160 30540 30904 31282 31656 32024 32402 32768 33146 33514 33889 34266 34631 35010 35379 35753 36124 36496 36875 37239 37618 37990 38359 38736 39103 39482 39848 40224 
6682 6682 6682 6682 6682 6682 6682 6670 6687 7038 7428 7799 8169 8546 8912 9291 9656 10033 10409 10775 11154 11521 11899 12267 12641 13018 13383 13763 14132 14506 14879 15247 15627 15991 16370 16743 17112 17490 17856 18234 18601 18976 19353 19718 20098 20465 20839 21211 21583 21960 22325 22705 23076 23447 23823 24190 24568 24934 25311 25687 26054 26433 26799 27176 27545 27918 28296 28660 29041 29410 29782 30156 30524 30903 31269 31647 32021 32389 32768 33133 33511 33879 34254 34631 34995 35377 35744 36118 36490 36861 37239 37603 37983 38356 38725 39102 39468 39847 40213 40588 
6682 6682 6682 6682 6682 6682 6672 6684 7050 7427 7805 8172 8548 8926 9291 9671 10038 10412 10784 11155 11534 11899 12276 12649 13019 13396 13762 14141 14507 14884 15260 15626 16005 16372 16747 17117 17491 17869 18233 18614 18983 19355 19729 20096 20475 20841 21219 21593 21961 22339 22704 23082 23450 23825 24203 24568 24948 25315 25689 26062 26431 26810 27176 27555 27927 28296 28673 29040 29417 29785 30161 30538 30904 31283 31649 32025 32395 32768 33146 33511 33890 34260 34632 35007 35374 35753 36119 36497 36872 37239 37618 37983 38360 38729 39103 39481 39846 40226 40593 40968 
6682 6682 6682 6682 6682 6671 6688 7041 7434 7799 8173 8544 8920 9292 9659 10041 10408 10780 11156 11527 11902 12267 12649 13018 13387 13767 14134 14509 14878 15256 15627 15994 16378 16743 17116 17490 17863 18236 18602 18984 19352 19722 20099 20468 20844 21210 21591 21961 22329 22711 23077 23451 23822 24197 24570 24935 25319 25686 26058 26434 26804 27179 27545 27926 28295 28664 29046 29411 29787 30156 30533 30905 31271 31655 32021 32393 32768 33140 33514 33879 34262 34630 35000 35380 35747 36121 36490 36869 37240 37607 37989 38355 38729 39101 39476 39849 40214 40596 40965 41335 
6682 6682 6682 6682 6670 6683 7043 7425 7804 8169 8548 8918 9290 9665 10032 10412 10777 11155 11530 11898 12276 12641 13019 13387 13762 14139 14504 14884 15252 15626 15999 16368 16747 17112 17491 17864 18233 18610 18975 19355 19720 20096 20474 20839 21218 21585 21961 22331 22702 23081 23446 23825 24196 24567 24943 25310 25689 26054 26431 26808 27174 27554 27919 28296 28665 29038 29416 29782 30161 30530 30903 31277 31645 32024 32389 32768 33142 33510 33888 34253 34631 34999 35373 35751 36117 36497 36863 37239 37611 37980 38360 38725 39103 39475 39845 40222 40587 40967 41332 41710 
6682 6682 6682 6673 6688 7048 7433 7804 8180 8545 8926 9293 9667 10045 10410 10789 11156 11533 11902 12272 12653 13018 13396 13767 14139 14513 14880 15262 15627 16003 16378 16746 17124 17489 17868 18237 18609 18989 19353 19730 20099 20474 20846 21215 21596 21961 22337 22711 23081 23457 23823 24203 24570 24944 25322 25688 26065 26433 26810 27180 27551 27931 28296 28673 29045 29417 29791 30158 30539 30905 31279 31655 32023 32401 32768 33146 33514 33886 34266 34631 35009 35380 35753 36126 36492 36875 37239 37616 37991 38359 38736 39101 39481 39849 40222 40601 40966 41344 41713 42088 
6682 6682 6670 6685 7038 7425 7800 8169 8546 8912 9291 9658 10032 10410 10776 11155 11522 11898 12269 12639 13019 13383 13762 14134 14504 14880 15247 15626 15992 16369 16745 17111 17491 17856 18234 18603 18975 19354 19718 20097 20467 20839 21212 21581 21961 22325 22703 23078 23446 23824 24190 24569 24935 25309 25688 26053 26432 26801 27175 27547 27917 28296 28660 29039 29412 29782 30158 30524 30904 31270 31645 32022 32389 32767 33134 33511 33880 34252 34632 34995 35374 35746 36117 36493 36858 37239 37605 37981 38357 38725 39102 39468 39847 40215 40588 40966 41331 41710 42079 42453 
6682 6672 6685 7051 7429 7805 8175 8547 8927 9291 9671 10041 10412 10787 11155 11534 11899 12278 12652 13019 13398 13763 14141 14509 14884 15262 15626 16006 16374 16748 17121 17490 17870 18234 18614 18986 19354 19731 20097 20475 20843 21218 21594 21960 22341 22707 23082 23453 23825 24204 24569 24949 25318 25689 26066 26431 26811 27177 27555 27930 28296 28676 29041 29418 29787 30161 30539 30904 31284 31652 32025 32399 32767 33146 33512 33890 34264 34631 35011 35375 35753 36121 36496 36875 37239 37618 37986 38360 38732 39103 39481 39847 40226 40598 40967 41344 41710 42089 42455 42833 
6671 6688 7040 7431 7798 8171 8544 8916 9292 9657 10038 10408 10777 11155 11524 11900 12267 12645 13018 13385 13766 14132 14507 14878 15252 15627 15992 16374 16743 17113 17490 17859 18235 18600 18981 19352 19719 20100 20466 20842 21211 21587 21961 22326 22709 23076 23448 23822 24194 24570 24934 25316 25686 26054 26435 26800 27178 27545 27923 28295 28662 29044 29410 29783 30156 30529 30905 31268 31652 32021 32391 32767 33136 33513 33880 34258 34630 34997 35379 35744 36120 36489 36865 37239 37605 37986 38355 38726 39101 39472 39848 40213 40594 40965 41333 41713 42079 42455 42823 43200 
6683 7046 7426 7805 8170 8547 8921 9290 9668 10033 10412 10779 11155 11533 11898 12277 12644 13019 13391 13761 14140 14506 14884 15256 15626 16003 16369 16748 17113 17491 17866 18233 18613 18977 19354 19723 20096 20475 20839 21219 21588 21960 22335 22703 23082 23447 23825 24200 24568 24946 25312 25689 26056 26431 26809 27175 27554 27922 28296 28669 29039 29417 29782 30162 30533 30903 31280 31646 32025 32391 32768 33144 33510 33890 34256 34632 35002 35374 35753 36118 36496 36868 37239 37615 37980 38360 38726 39104 39479 39846 40224 40589 40968 41336 41710 42088 42453 42833 43201 43575 
7046 7433 7802 8178 8544 8925 9293 9663 10045 10409 10785 11155 11531 11902 12270 12653 13018 13392 13767 14138 14512 14879 15260 15627 15999 16378 16745 17121 17490 17866 18237 18605 18988 19353 19727 20100 20472 20846 21212 21595 21961 22334 22712 23079 23455 23822 24201 24570 24940 25322 25687 26062 26433 26809 27181 27548 27929 28296 28670 29046 29414 29791 30157 30537 30905 31276 31656 32021 32397 32767 33144 33514 33883 34265 34630 35005 35379 35750 36125 36492 36873 37239 37612 37990 38358 38734 39100 39480 39849 40218 40600 40965 41340 41713 42086 42459 42825 43208 43574 43948 
7425 7802 8168 8547 8914 9291 9661 10032 10411 10775 11155 11526 11898 12272 12639 13018 13384 13761 14137 14504 14882 15247 15626 15994 16368 16746 17111 17490 17859 18233 18605 18975 19355 19718 20096 20470 20839 21215 21581 21961 22327 22702 23080 23446 23825 24191 24568 24938 25309 25688 26053 26432 26804 27175 27549 27915 28296 28661 29037 29415 29781 30160 30525 30904 31272 31645 32024 32389 32768 33138 33510 33883 34251 34631 34996 35374 35748 36118 36494 36859 37239 37607 37980 38359 38724 39104 39471 39846 40217 40587 40967 41331 41710 42083 42453 42829 43194 43574 43941 44316 
7805 8178 8548 8927 9292 9669 10042 10412 10789 11156 11534 11901 12277 12654 13019 13399 13765 14140 14512 14883 15263 15627 16005 16378 16747 17124 17491 17870 18235 18613 18988 19355 19733 20097 20474 20844 21218 21597 21960 22340 22710 23082 23456 23824 24204 24569 24947 25321 25689 26068 26433 26811 27179 27553 27932 28296 28677 29044 29418 29790 30160 30539 30904 31283 31655 32024 32401 32768 33146 33514 33889 34267 34631 35011 35377 35753 36124 36495 36875 37239 37618 37989 38360 38735 39103 39482 39848 40225 40600 40967 41346 41711 42089 42457 42832 43210 43574 43954 44322 44696 
8170 8545 8913 9291 9657 10036 10409 10777 11155 11521 11899 12267 12642 13018 13383 13764 14132 14505 14878 15249 15627 15991 16372 16743 17112 17489 17856 18234 18600 18977 19353 19718 20097 20465 20840 21210 21583 21961 22325 22706 23076 23447 23822 24190 24568 24934 25313 25686 26053 26433 26799 27176 27545 27919 28296 28661 29042 29410 29783 30155 30526 30904 31269 31648 32021 32389 32767 33134 33511 33879 34255 34630 34996 35377 35744 36119 36489 36862 37239 37603 37983 38355 38725 39101 39469 39847 40213 40589 40965 41332 41712 42077 42454 42824 43197 43574 43939 44320 44689 45061 
8548 8925 9291 9671 10036 10412 10781 11155 11533 11898 12278 12647 13018 13394 13761 14140 14507 14884 15259 15626 16005 16370 16747 17116 17491 17868 18234 18614 18981 19354 19727 20096 20474 20840 21219 21592 21960 22338 22704 23082 23449 23825 24202 24568 24947 25314 25690 26060 26432 26810 27176 27555 27925 28296 28672 29039 29418 29784 30162 30537 30904 31283 31648 32025 32393 32768 33146 33511 33890 34259 34632 35006 35374 35753 36118 36497 36871 37239 37617 37983 38361 38728 39104 39480 39846 40226 40592 40967 41339 41710 42089 42454 42833 43204 43574 43951 44317 44696 45062 45440 
8922 9293 9660 10044 10409 10782 11155 11529 11901 12268 12650 13018 13388 13767 14135 14510 14879 15257 15627 15995 16377 16743 17117 17490 17864 18237 18603 18986 19352 19723 20100 20470 20844 21210 21592 21961 22330 22711 23077 23452 23822 24199 24570 24937 25320 25686 26059 26434 26806 27180 27546 27928 28296 28665 29046 29413 29788 30156 30535 30905 31273 31656 32021 32394 32768 33142 33514 33880 34263 34630 35002 35379 35748 36123 36490 36870 37240 37608 37990 38356 38730 39101 39477 39849 40215 40599 40965 41337 41713 42084 42458 42824 43206 43574 43943 44324 44691 45065 45435 45813 
9290 9664 10032 10412 10777 11154 11529 11898 12275 12640 13019 13386 13761 14139 14504 14884 15250 15626 15997 16368 16747 17112 17491 17863 18233 18609 18975 19354 19719 20096 20472 20839 21218 21583 21960 22330 22702 23081 23446 23825 24195 24568 24942 25309 25689 26054 26432 26807 27175 27552 27918 28296 28664 29038 29416 29782 30161 30529 30903 31275 31645 32023 32389 32768 33141 33510 33887 34252 34631 34998 35373 35752 36117 36496 36862 37239 37609 37980 38359 38724 39103 39474 39846 40221 40587 40967 41333 41710 42086 42453 42831 43196 43574 43943 44316 44695 45060 45439 45807 46180 
9668 10044 10411 10789 11155 11532 11902 12275 12654 13018 13397 13767 14140 14513 14881 15262 15627 16005 16378 16746 17124 17490 17869 18236 18610 18989 19354 19731 20100 20475 20846 21215 21597 21961 22338 22711 23081 23457 23823 24203 24570 24946 25323 25688 26067 26434 26810 27180 27552 27932 28296 28674 29046 29417 29791 30158 30539 30904 31280 31656 32024 32402 32768 33146 33514 33887 34266 34631 35010 35378 35753 36125 36494 36875 37239 37616 37990 38359 38736 39102 39482 39849 40223 40601 40966 41345 41712 42088 42459 42830 43211 43574 43952 44324 44695 45071 45437 45818 46182 46558 
10033 10410 10776 11155 11521 11898 12268 12640 13019 13383 13762 14134 14505 14881 15247 15626 15992 16368 16744 17111 17489 17856 18233 18602 18975 19353 19718 20097 20466 20839 21212 21581 21960 22325 22704 23077 23446 23823 24189 24568 24934 25310 25687 26053 26432 26799 27175 27546 27917 28296 28660 29039 29412 29782 30158 30524 30904 31269 31646 32022 32389 32768 33133 33512 33879 34252 34631 34996 35375 35744 36118 36491 36859 37239 37604 37981 38356 38725 39102 39468 39846 40213 40589 40965 41331 41711 42078 42453 42826 43195 43574 43938 44317 44690 45060 45436 45802 46181 46546 46923 
10412 10786 11154 11534 11899 12278 12651 13019 13397 13762 14141 14508 14884 15261 15626 16007 16372 16748 17119 17491 17869 18234 18614 18984 19355 19730 20097 20475 20842 21219 21595 21961 22340 22706 23082 23452 23825 24203 24568 24948 25317 25689 26064 26432 26811 27177 27555 27928 28296 28675 29040 29418 29786 30161 30538 30904 31283 31651 32024 32397 32767 33146 33511 33890 34262 34631 35009 35375 35754 36121 36496 36873 37239 37618 37984 38361 38731 39104 39481 39846 40226 40596 40967 41343 41710 42089 42455 42833 43207 43574 43953 44318 44696 45064 45440 45818 46181 46561 46929 47302 
10778 11156 11525 11901 12267 12647 13018 13385 13767 14133 14507 14878 15253 15627 15992 16375 16743 17114 17490 17861 18236 18601 18983 19352 19720 20099 20467 20843 21211 21588 21961 22327 22710 23076 23449 23822 24195 24570 24934 25317 25687 26056 26433 26802 27178 27544 27925 28295 28662 29044 29410 29784 30156 30531 30904 31270 31653 32021 32392 32768 33138 33513 33879 34260 34630 34998 35380 35745 36120 36489 36866 37240 37605 37988 38355 38727 39101 39473 39848 40214 40596 40965 41334 41712 42080 42456 42823 43202 43574 43941 44323 44690 45063 45436 45808 46182 46547 46929 47298 47668 
11155 11532 11897 12277 12642 13019 13389 13761 14140 14505 14884 15255 15626 16001 16369 16747 17112 17490 17866 18233 18611 18976 19355 19722 20096 20474 20839 21218 21587 21960 22334 22702 23082 23447 23825 24199 24568 24946 25310 25689 26056 26431 26809 27175 27555 27920 28296 28667 29038 29417 29782 30161 30533 30903 31279 31645 32025 32390 32767 33143 33511 33889 34255 34632 35000 35373 35752 36117 36498 36865 37239 37612 37980 38360 38725 39104 39477 39846 40224 40588 40967 41335 41710 42088 42453 42832 43200 43574 43946 44317 44695 45060 45440 45811 46181 46558 46923 47302 47668 48044 
11531 11903 12271 12654 13018 13394 13767 14138 14513 14879 15261 15627 16000 16378 16746 17123 17489 17868 18237 18606 18988 19353 19729 20099 20474 20846 21212 21594 21961 22335 22712 23080 23456 23822 24202 24570 24942 25323 25687 26064 26433 26809 27181 27549 27931 28296 28670 29046 29415 29791 30156 30538 30905 31278 31657 32023 32399 32767 33145 33514 33884 34266 34631 35006 35379 35751 36125 36491 36874 37239 37613 37990 38358 38734 39102 39481 39849 40220 40601 40965 41342 41713 42086 42459 42827 43209 43574 43949 44324 44694 45070 45435 45817 46182 46555 46935 47300 47677 48046 48422 
11898 12271 12639 13019 13383 13761 14136 14504 14881 15247 15626 15993 16367 16745 17111 17491 17857 18233 18603 18973 19354 19718 20096 20468 20839 21215 21581 21960 22326 22703 23079 23446 23824 24190 24568 24937 25309 25688 26053 26432 26802 27175 27549 27916 28296 28661 29037 29414 29782 30160 30525 30904 31271 31645 32023 32388 32768 33136 33510 33882 34252 34631 34996 35374 35747 36117 36493 36858 37239 37606 37981 38357 38724 39103 39470 39846 40216 40587 40967 41331 41710 42081 42453 42827 43194 43575 43939 44316 44692 45060 45439 45803 46181 46548 46923 47301 47665 48045 48414 48788 
12277 12653 13019 13399 13765 14140 14511 14884 15262 15626 16007 16376 16747 17122 17491 17869 18235 18614 18988 19355 19733 20098 20475 20844 21218 21596 21961 22341 22709 23082 23455 23825 24204 24568 24947 25320 25689 26067 26432 26811 27178 27555 27931 28296 28677 29043 29418 29788 30161 30540 30904 31283 31654 32024 32401 32768 33147 33512 33890 34265 34631 35011 35377 35753 36122 36496 36874 37239 37620 37987 38360 38735 39104 39482 39847 40225 40600 40967 41345 41711 42089 42457 42832 43209 43575 43955 44321 44696 45067 45439 45818 46181 46561 46931 47301 47679 48046 48424 48790 49168 
12643 13018 13384 13765 14132 14506 14878 15250 15627 15991 16373 16743 17112 17490 17857 18235 18600 18978 19353 19718 20098 20465 20841 21210 21585 21961 22325 22707 23076 23447 23822 24191 24569 24934 25314 25686 26054 26434 26799 27177 27544 27920 28296 28661 29043 29409 29782 30156 30527 30904 31269 31649 32021 32390 32768 33134 33512 33878 34256 34631 34997 35377 35744 36119 36489 36863 37239 37603 37986 38354 38726 39100 39469 39847 40213 40592 40965 41332 41712 42078 42454 42823 43198 43574 43939 44321 44689 45061 45435 45805 46182 46546 46927 47299 47667 48046 48412 48789 49157 49532 
13019 13393 13761 14140 14506 14884 15258 15626 16004 16369 16748 17115 17491 17868 18233 18612 18980 19355 19726 20096 20475 20839 21219 21591 21961 22337 22703 23082 23448 23825 24201 24568 24947 25313 25690 26059 26432 26810 27175 27555 27925 28296 28670 29037 29418 29782 30162 30535 30903 31282 31647 32025 32393 32768 33145 33511 33890 34257 34632 35004 35374 35753 36118 36497 36870 37239 37616 37982 38360 38726 39104 39481 39846 40226 40591 40968 41338 41710 42088 42454 42833 43203 43574 43950 44316 44696 45062 45439 45814 46181 46559 46925 47302 47670 48044 48422 48788 49168 49535 49909 
13390 13767 14136 14511 14878 15258 15627 15996 16378 16743 17118 17489 17865 18237 18603 18988 19353 19725 20099 20470 20845 21211 21593 21961 22331 22711 23078 23453 23822 24200 24570 24938 25321 25686 26060 26434 26807 27180 27546 27928 28295 28667 29046 29414 29788 30156 30535 30905 31274 31656 32021 32396 32767 33142 33514 33881 34264 34630 35002 35379 35749 36123 36489 36871 37239 37610 37990 38356 38731 39102 39479 39849 40217 40600 40965 41339 41713 42085 42459 42824 43207 43574 43946 44324 44691 45067 45435 45814 46183 46550 46934 47299 47673 48045 48420 48792 49157 49542 49907 50280 
13761 14138 14504 14884 15249 15626 15996 16368 16747 17111 17491 17861 18233 18608 18974 19355 19719 20096 20472 20838 21216 21583 21961 22329 22702 23081 23446 23825 24194 24568 24940 25309 25689 26053 26432 26806 27175 27552 27917 28296 28662 29038 29415 29782 30161 30527 30903 31274 31645 32024 32389 32767 33139 33510 33886 34252 34631 34997 35374 35751 36117 36496 36861 37239 37607 37980 38359 38724 39103 39473 39846 40219 40586 40966 41332 41710 42084 42453 42830 43195 43574 43941 44317 44694 45059 45439 45806 46180 46552 46922 47301 47666 48045 48418 48788 49164 49529 49908 50275 50651 
14140 14513 14883 15262 15626 16004 16378 16746 17124 17490 17869 18236 18611 18988 19354 19733 20099 20475 20846 21217 21597 21960 22339 22711 23081 23457 23824 24204 24570 24946 25322 25688 26068 26433 26810 27180 27552 27932 28296 28675 29044 29417 29791 30160 30540 30904 31282 31656 32024 32402 32768 33146 33514 33888 34266 34631 35010 35379 35753 36125 36495 36875 37239 37617 37989 38359 38736 39102 39482 39848 40223 40601 40966 41345 41712 42089 42458 42831 43210 43575 43953 44324 44696 45070 45437 45818 46181 46559 46933 47301 47679 48045 48424 48792 49166 49544 49909 50287 50656 51029 
14506 14879 15248 15626 15991 16369 16743 17111 17490 17856 18234 18602 18976 19354 19717 20098 20465 20839 21211 21582 21960 22325 22704 23077 23446 23823 24190 24569 24934 25312 25687 26053 26433 26799 27176 27546 27918 28296 28660 29040 29410 29782 30156 30525 30904 31269 31647 32021 32389 32768 33133 33511 33879 34253 34631 34995 35375 35744 36118 36491 36860 37239 37603 37983 38355 38725 39102 39467 39847 40213 40589 40965 41331 41711 42078 42454 42824 43196 43575 43938 44318 44689 45060 45436 45802 46181 46547 46924 47299 47666 48045 48411 48789 49157 49531 49909 50273 50652 51022 51395 
14884 15260 15627 16006 16371 16747 17117 17490 17869 18234 18613 18983 19355 19729 20096 20476 20841 21218 21594 21961 22340 22705 23082 23451 23825 24203 24569 24949 25316 25689 26062 26432 26811 27176 27555 27928 28296 28674 29039 29418 29784 30161 30538 30904 31283 31649 32025 32396 32767 33146 33511 33890 34261 34632 35008 35374 35753 36120 36497 36873 37239 37618 37983 38360 38729 39103 39482 39846 40226 40595 40967 41341 41710 42089 42454 42833 43206 43574 43952 44319 44697 45063 45439 45816 46180 46561 46927 47302 47674 48044 48424 48788 49167 49539 49909 50286 50651 51031 51397 51774 
15255 15628 15993 16378 16743 17115 17490 17862 18236 18601 18985 19352 19721 20100 20468 20844 21211 21589 21961 22328 22711 23076 23450 23822 24196 24570 24935 25318 25686 26056 26433 26804 27179 27545 27925 28296 28664 29046 29412 29786 30156 30533 30905 31271 31654 32021 32393 32768 33139 33514 33879 34261 34630 35000 35379 35747 36121 36489 36868 37240 37607 37989 38355 38728 39101 39475 39849 40214 40597 40965 41335 41713 42082 42457 42824 43204 43574 43942 44324 44690 45065 45436 45810 46182 46547 46932 47298 47670 48046 48417 48792 49157 49539 49908 50277 50657 51024 51399 51768 52145 
15626 16000 16367 16747 17113 17491 17865 18233 18610 18976 19354 19721 20096 20473 20839 21219 21585 21961 22332 22702 23081 23447 23825 24197 24567 24944 25309 25689 26054 26431 26809 27175 27553 27919 28296 28665 29038 29417 29782 30161 30531 30903 31278 31645 32024 32390 32768 33142 33510 33888 34253 34632 35000 35373 35753 36117 36498 36865 37239 37610 37980 38360 38725 39103 39476 39845 40222 40588 40967 41334 41710 42087 42453 42832 43198 43574 43944 44316 44696 45060 45439 45809 46180 46555 46923 47302 47667 48044 48420 48787 49166 49531 49909 50277 50651 51029 51395 51774 52142 52516 
16003 16378 16746 17123 17489 17868 18236 18608 18989 19353 19730 20100 20474 20846 21214 21596 21961 22337 22712 23081 23457 23823 24203 24570 24943 25322 25688 26066 26435 26809 27181 27549 27932 28296 28672 29046 29416 29791 30158 30538 30904 31279 31657 32023 32401 32768 33145 33514 33886 34266 34631 35008 35379 35753 36126 36492 36874 37239 37615 37991 38358 38736 39101 39481 39849 40221 40601 40966 41344 41713 42088 42459 42828 43210 43574 43950 44325 44694 45070 45437 45817 46182 46557 46935 47300 47678 48045 48423 48792 49162 49544 49908 50285 50657 51029 51403 51770 52151 52517 52892 
16367 16745 17111 17489 17856 18234 18604 18974 19354 19717 20096 20468 20839 21214 21580 21960 22326 22703 23078 23446 23824 24190 24568 24935 25310 25688 26053 26431 26800 27175 27548 27915 28296 28661 29039 29413 29782 30158 30524 30904 31270 31645 32023 32388 32767 33134 33511 33881 34252 34631 34995 35374 35747 36117 36492 36858 37239 37604 37980 38357 38724 39103 39468 39846 40215 40588 40967 41331 41710 42080 42453 42826 43194 43574 43939 44317 44691 45060 45437 45802 46180 46547 46921 47300 47666 48044 48413 48788 49159 49528 49909 50273 50651 51024 51395 51770 52136 52516 52882 53258 
16747 17121 17490 17870 18234 18612 18987 19354 19732 20096 20475 20843 21219 21596 21960 22341 22708 23082 23454 23825 24204 24568 24948 25319 25689 26065 26432 26811 27178 27554 27929 28296 28677 29042 29418 29788 30161 30539 30904 31283 31653 32025 32399 32768 33147 33512 33890 34264 34631 35010 35375 35753 36121 36498 36874 37239 37619 37986 38360 38733 39103 39482 39847 40226 40598 40967 41345 41711 42089 42456 42832 43209 43575 43954 44320 44696 45067 45439 45817 46181 46562 46932 47302 47678 48044 48424 48790 49168 49542 49909 50288 50654 51031 51399 51774 52152 52516 52896 53264 53637 
17113 17489 17858 18235 18600 18980 19353 19718 20100 20465 20841 21211 21586 21961 22326 22708 23076 23449 23822 24193 24570 24934 25315 25686 26054 26433 26801 27177 27545 27922 28296 28661 29044 29410 29784 30156 30529 30904 31269 31651 32021 32390 32767 33136 33512 33878 34257 34630 34997 35379 35744 36120 36489 36865 37239 37604 37986 38354 38726 39102 39471 39848 40212 40593 40965 41333 41713 42079 42455 42823 43200 43574 43941 44323 44689 45061 45436 45806 46182 46547 46929 47298 47667 48046 48412 48789 49157 49535 49908 50274 50656 51022 51397 51768 52141 52517 52881 53264 53632 54004 
17491 17867 18233 18612 18977 19354 19724 20095 20475 20840 21218 21589 21961 22335 22703 23082 23447 23825 24200 24568 24947 25311 25689 26058 26431 26810 27175 27555 27923 28296 28670 29037 29418 29783 30162 30535 30903 31280 31646 32024 32392 32768 33145 33510 33890 34256 34632 35002 35374 35753 36118 36497 36868 37239 37615 37980 38360 38726 39104 39479 39846 40225 40589 40967 41336 41710 42088 42453 42833 43201 43575 43948 44317 44696 45061 45439 45813 46180 46559 46924 47302 47669 48045 48423 48788 49166 49534 49909 50280 50651 51030 51395 51774 52146 52516 52893 53258 53638 54003 54380 
17867 18237 18606 18988 19353 19727 20099 20472 20845 21212 21594 21961 22333 22712 23079 23455 23823 24201 24570 24939 25321 25687 26062 26434 26808 27180 27547 27930 28295 28669 29046 29415 29790 30155 30537 30905 31275 31656 32022 32397 32767 33143 33514 33882 34265 34631 35004 35379 35751 36125 36491 36873 37240 37610 37991 38357 38733 39102 39479 39848 40218 40601 40965 41340 41713 42086 42459 42825 43208 43574 43947 44324 44692 45068 45436 45815 46183 46552 46934 47299 47674 48045 48421 48792 49160 49543 49908 50282 50657 51028 51402 51768 52150 52517 52888 53268 53634 54010 54379 54757 
18233 18606 18974 19354 19717 20095 20471 20839 21217 21582 21961 22328 22702 23080 23446 23825 24192 24568 24939 25309 25689 26054 26431 26804 27174 27551 27917 28296 28662 29039 29414 29781 30160 30526 30904 31273 31645 32024 32389 32767 33138 33511 33884 34252 34631 34997 35374 35749 36117 36495 36860 37239 37607 37980 38358 38724 39103 39471 39846 40218 40587 40967 41332 41710 42083 42453 42829 43195 43574 43940 44316 44693 45060 45438 45805 46180 46551 46921 47301 47666 48044 48416 48787 49163 49528 49909 50274 50651 51027 51394 51773 52138 52516 52884 53257 53636 54001 54381 54749 55123 
18612 18989 19354 19733 20099 20475 20845 21218 21597 21961 22340 22709 23082 23457 23824 24204 24570 24946 25322 25689 26067 26433 26810 27179 27554 27931 28296 28676 29044 29417 29791 30160 30539 30904 31283 31656 32023 32402 32767 33146 33513 33889 34266 34631 35011 35377 35753 36123 36496 36875 37239 37618 37989 38360 38736 39103 39482 39848 40225 40601 40967 41346 41712 42089 42458 42831 43210 43575 43954 44323 44696 45069 45438 45817 46182 46560 46933 47302 47679 48046 48424 48791 49167 49543 49909 50288 50654 51030 51401 51773 52152 52516 52895 53267 53637 54014 54380 54759 55125 55502 
18977 19353 19717 20098 20464 20840 21211 21583 21961 22324 22705 23076 23447 23823 24190 24569 24934 25312 25686 26053 26433 26799 27176 27545 27919 28296 28660 29041 29410 29782 30157 30525 30904 31269 31648 32021 32389 32767 33133 33511 33879 34255 34631 34996 35377 35744 36118 36489 36861 37239 37603 37983 38355 38725 39101 39468 39847 40212 40589 40965 41332 41712 42078 42454 42824 43197 43574 43938 44320 44689 45060 45435 45804 46181 46546 46925 47299 47666 48045 48411 48789 49157 49530 49908 50273 50654 51022 51395 51768 52138 52517 52881 53260 53633 54003 54380 54746 55124 55491 55867 
19355 19728 20096 20475 20840 21219 21592 21961 22339 22704 23082 23449 23825 24202 24568 24948 25314 25689 26061 26432 26811 27176 27555 27926 28296 28673 29039 29418 29783 30162 30537 30904 31283 31648 32025 32394 32768 33146 33512 33890 34260 34632 35006 35374 35753 36119 36497 36871 37239 37617 37983 38360 38728 39103 39481 39846 40226 40593 40967 41340 41710 42089 42454 42833 43205 43575 43952 44317 44696 45063 45439 45816 46181 46560 46926 47302 47672 48044 48423 48788 49167 49538 49909 50285 50651 51031 51396 51774 52149 52516 52895 53260 53637 54006 54381 54758 55123 55503 55871 56245 
19722 20100 20470 20844 21211 21592 21961 22329 22711 23077 23451 23822 24198 24570 24936 25320 25686 26058 26434 26805 27179 27545 27927 28295 28665 29045 29412 29787 30156 30533 30905 31272 31655 32021 32393 32768 33141 33514 33879 34262 34630 35000 35379 35747 36122 36489 36870 37239 37607 37989 38355 38729 39101 39476 39849 40215 40598 40965 41336 41713 42083 42458 42824 43205 43574 43943 44325 44691 45065 45435 45812 46183 46549 46932 47298 47671 48045 48418 48792 49158 49540 49908 50278 50656 51025 51400 51768 52147 52517 52885 53267 53634 54006 54380 54753 55126 55491 55875 56242 56613 
20095 20473 20839 21218 21584 21961 22331 22702 23081 23446 23825 24196 24568 24943 25309 25689 26055 26431 26807 27174 27552 27918 28296 28664 29038 29417 29782 30161 30529 30903 31276 31645 32024 32389 32768 33142 33510 33887 34252 34631 34998 35373 35751 36117 36496 36863 37239 37610 37980 38359 38725 39103 39475 39845 40221 40588 40967 41333 41710 42086 42453 42831 43197 43575 43943 44316 44695 45061 45439 45808 46181 46554 46921 47301 47667 48044 48419 48788 49165 49530 49909 50276 50651 51028 51395 51774 52141 52517 52888 53257 53637 54002 54380 54754 55123 55499 55864 56244 56610 56987 
20474 20846 21215 21596 21961 22338 22711 23081 23458 23823 24203 24570 24946 25322 25688 26066 26434 26810 27180 27552 27932 28296 28673 29046 29416 29791 30158 30539 30905 31280 31656 32024 32401 32768 33146 33514 33887 34266 34631 35009 35380 35752 36125 36493 36874 37239 37616 37990 38359 38736 39102 39482 39849 40222 40601 40967 41345 41713 42088 42459 42829 43210 43574 43952 44325 44695 45070 45438 45817 46182 46558 46935 47301 47679 48046 48423 48792 49163 49544 49908 50286 50657 51030 51403 51771 52152 52517 52893 53268 53636 54014 54380 54758 55126 55499 55878 56244 56622 56990 57365 
